function planet=moon()
%%%%REWRITE
    mass = [7.348*10^22];
    radius = 1.7371e+6;
    r = [149.6*10^9,0,+3.844*10^8];
    v = [-0.3353e+03,-29785.67831,0];
    planet=[mass, radius, r, v];
end